# oST version 5.0 parameters


[image]

width
640

height
480

[narrow_stereo]

camera matrix
623.316078 0.000000 293.301022
0.000000 621.587249 276.339052
0.000000 0.000000 1.000000

distortion
-0.141076 0.055510 0.010588 -0.012604 0.000000

rectification
1.000000 0.000000 0.000000
0.000000 1.000000 0.000000
0.000000 0.000000 1.000000

projection
598.133301 0.000000 284.239752 0.000000
0.000000 605.838989 280.961066 0.000000
0.000000 0.000000 1.000000 0.000000

