image_width: 640
image_height: 480
camera_name: camera
camera_matrix:
  rows: 3
  cols: 3
  data: [623.316078, 0.000000, 293.301022, 0.000000, 621.587249, 276.339052, 0.000000, 0.000000, 1.000000]
distortion_model: plumb_bob
distortion_coefficients:
  rows: 1
  cols: 5
  data: [-0.141076, 0.055510, 0.010588, -0.012604, 0.000000]
rectification_matrix:
  rows: 3
  cols: 3
  data: [1.000000, 0.000000, 0.000000, 0.000000, 1.000000, 0.000000, 0.000000, 0.000000, 1.000000]
projection_matrix:
  rows: 3
  cols: 4
  data: [598.133301, 0.000000, 284.239752, 0.000000, 0.000000, 605.838989, 280.961066, 0.000000, 0.000000, 0.000000, 1.000000, 0.000000]
